[[{"__ndarray__": [702.6025198051547, 271.00244067903344, 214.61595059855847, 162.79673438407104, 134.73545915851852, 57.70072857777052, 3.546166796893819], "dtype": "float64", "shape": [7]}, {"__ndarray__": [[0.4249089679523817, 0.5246787493488356, 0.6397418497094306, 0.09463785955713647, 0.2719717884069974, 0.04270656297081939, 0.22393328469457804], [-0.3771687151615827, -0.5202166219727206, 0.5642787457869569, -0.17953799080794539, 0.42255671542879286, -0.2299593652859913, -0.07098271620395696], [-0.48383549500183076, 0.3465355445708034, -0.011304245255360765, 0.2618386110244419, 0.32190172733152966, 0.5111638558361321, -0.4606732859294794], [-0.06971717445738489, 0.1309227063720072, -0.1261005363984308, 0.6571127875983892, 0.1424832679862001, -0.70200672548837, -0.13109262126328525], [0.4575114700992097, -0.5384205023563065, -0.11025160141701552, 0.4870091669218804, 0.31708595456787286, 0.38598931854288415, 0.043840808337242576], [0.03769643270768453, -0.16282768943949041, 0.48650548731497795, 0.30740322779744284, -0.6977332447119499, 0.09570901445928179, -0.3806440497893123], [-0.4769707457567911, -0.02120716163136349, 0.08630021286236494, 0.35605959953401656, -0.19020983539553024, 0.18178267292113304, 0.7540545584848565]], "dtype": "float64", "shape": [7, 7], "Corder": false}, {"__ndarray__": [[301.0, 0.0, 0.0, 0.0, 0.0, 0.0, 0.0], [0.0, 242.74086378737542, 0.0, 0.0, 0.0, 0.0, 0.0], [0.0, 0.0, 203.71704646547596, 0.0, 0.0, 0.0, 0.0], [0.0, 0.0, 0.0, 97.72373003857817, 0.0, 0.0, 0.0], [0.0, 0.0, 0.0, 0.0, 167.03350203746896, 0.0, 0.0], [0.0, 0.0, 0.0, 0.0, 0.0, 122.53196747108773, 0.0], [0.0, 0.0, 0.0, 0.0, 0.0, 0.0, 6.1606021721609645]], "dtype": "float64", "shape": [7, 7], "Corder": true}, {"__ndarray__": [[1.0, 0.0, 0.0, 0.0, 0.0, 0.0, 0.0], [-0.3222591362126246, 1.0, 0.0, 0.0, 0.0, 0.0, 0.0], [-0.26578073089701, 0.23160199822076233, 1.0, 0.0, 0.0, 0.0, 0.0], [-0.019933554817275746, -0.07799904194894956, 0.25913572604572266, 1.0, 0.0, 0.0, 0.0], [0.2159468438538206, -0.16088414425511532, -0.656201657204305, 0.377499887829953, 1.0, 0.0, 0.0], [0.11295681063122924, 0.1357695202901526, -0.20418673384667868, 0.09237707843067178, -0.07030561011194728, 1.0, 0.0], [-0.4451827242524917, 0.2999794703346335, 0.5817910555254945, 0.19745070482553637, -0.10092918848600978, 0.4854446493912164, 1.0]], "dtype": "float64", "shape": [7, 7], "Corder": true}, "+-"], [{"__ndarray__": [867.3037513993048, 264.69425205495645, 112.69129449995822, 51.93934567161577, 39.987307477928745, 0.3840488962364625], "dtype": "float64", "shape": [6]}, {"__ndarray__": [[0.21506057523412894, 0.5640260902514758, 0.7569067753995448, 0.06082629172221577, 0.21925028292130005, 0.10461896350144873], [-0.510162849359965, -0.27073445809025337, 0.5289442611217038, -0.019183956625866132, -0.3947860335672802, -0.4800319285946563], [0.4337113070375342, 0.39997840270628887, -0.1610335862060095, -0.2661271857773714, -0.6870614876123521, -0.2882755571672169], [-0.24385443567247075, 0.33937592306283104, -0.18242667333865323, 0.8488229251562016, -0.26299669908759993, 0.049110934637818876], [0.541351164593504, -0.28348070181055024, 0.031466131484746376, 0.3977369202803193, 0.27743365015919175, -0.6248387014813617], [0.39096195346452794, -0.5030480838180248, 0.29514179222585085, 0.21543779382669487, -0.42176192266184853, 0.5316823641758246]], "dtype": "float64", "shape": [6, 6], "Corder": false}, {"__ndarray__": [[191.0, 0.0, 0.0, 0.0, 0.0, 0.0], [0.0, 236.73821989528795, 0.0, 0.0, 0.0, 0.0], [0.0, 0.0, 47.5488422495964, 0.0, 0.0, 0.0], [0.0, 0.0, 0.0, 103.98288338319342, 0.0, 0.0], [0.0, 0.0, 0.0, 0.0, 68.60896519324682, 0.0], [0.0, 0.0, 0.0, 0.0, 0.0, 1.3453238570695916]], "dtype": "float64", "shape": [6, 6], "Corder": true}, {"__ndarray__": [[1.0, 0.0, 0.0, 0.0, 0.0, 0.0], [-0.49214659685863876, 1.0, 0.0, 0.0, 0.0, 0.0], [0.6282722513089005, -0.6756087312294048, 1.0, 0.0, 0.0, 0.0], [-0.05235602094240838, 0.3002410597784019, -0.05669957804965185, 1.0, 0.0, 0.0], [0.3403141361256545, -0.802618484198421, -0.19370460498898592, -0.6353943911123457, 1.0, 0.0], [0.10471204188481675, -0.4357431939314859, 0.31001257665059256, -0.8380715712021348, 1.1643054187359074, 1.0]], "dtype": "float64", "shape": [6, 6], "Corder": true}, "+-"], [{"__ndarray__": [363.2552518637997, 293.66377520286596, 169.59778060627835, 102.30775325587102, 51.17543907118492], "dtype": "float64", "shape": [5]}, {"__ndarray__": [[0.26928256480148166, 0.1335399080750271, 0.6912620813459496, 0.2113072347780345, 0.6222218098628299], [0.03356919924230439, 0.5698666738860244, -0.16108289037383575, -0.7485717358849752, 0.2963405836521139], [0.7336107355071937, 0.07217805438661264, 0.28338893302368434, -0.20238088859641004, -0.5790840230779838], [0.16342548171559293, 0.715653278422374, -0.3216095465080745, 0.5941114647508169, -0.0687849115420233], [-0.6012215979410481, 0.3742322547478559, 0.558987521825528, -0.03260601397260103, -0.4300611677095734]], "dtype": "float64", "shape": [5, 5], "Corder": false}, {"__ndarray__": [[137.0, 0.0, 0.0, 0.0, 0.0], [0.0, 162.0, 0.0, 0.0, 0.0], [0.0, 0.0, 176.7936379201586, 0.0, 0.0], [0.0, 0.0, 0.0, 167.50925158992987, 0.0], [0.0, 0.0, 0.0, 0.0, 144.11578664208108]], "dtype": "float64", "shape": [5, 5], "Corder": true}, {"__ndarray__": [[1.0, 0.0, 0.0, 0.0, 0.0], [0.0, 1.0, 0.0, 0.0, 0.0], [0.6204379562043796, 0.12345679012345678, 1.0, 0.0, 0.0], [0.12408759124087591, 0.5185185185185185, 0.06834060612300759, 1.0, 0.0], [0.051094890510948905, 0.2222222222222222, -0.6832118596508755, 0.004294758902748033, 1.0]], "dtype": "float64", "shape": [5, 5], "Corder": true}, "+-"], [{"__ndarray__": [601.0976461739278, 205.65365676710053, 53.72017155852936, 1.5285255004424994], "dtype": "float64", "shape": [4]}, {"__ndarray__": [[0.5473129386769368, 0.3689722337805054, 0.6792466570004058, 0.3208301993416652], [-0.4355513948756131, 0.5969253155502863, 0.30940466583318665, -0.5985347966808223], [-0.573322486187315, 0.3573926094920873, -0.0784372182222434, 0.7330889798039448], [-0.42666714943937273, -0.6162874175534102, 0.6608633251376438, 0.037478367662495626]], "dtype": "float64", "shape": [4, 4], "Corder": false}, {"__ndarray__": [[233.0, 0.0, 0.0, 0.0], [0.0, 160.51502145922746, 0.0, 0.0], [0.0, 0.0, 3.0393582887700457, 0.0], [0.0, 0.0, 0.0, 89.29724118516431]], "dtype": "float64", "shape": [4, 4], "Corder": true}, {"__ndarray__": [[1.0, 0.0, 0.0, 0.0], [-0.37339055793991416, 1.0, 0.0, 0.0], [-0.703862660944206, 0.8146524064171123, 1.0, 0.0], [-0.6995708154506438, -0.08636363636363636, -1.4596382574424702, 1.0]], "dtype": "float64", "shape": [4, 4], "Corder": true}, "+-"], [{"__ndarray__": [316.2794191212094, 267.47049422898846, 95.91180201380622, 40.57951092290086, 1.7587737130955832], "dtype": "float64", "shape": [5]}, {"__ndarray__": [[0.20990603133045208, 0.8773455097580872, 0.22202067230945474, 0.17687697543325984, 0.32500103253260804], [-0.5318139287061004, 0.11143900611980218, -0.3807507660148186, 0.7413755195266534, -0.1007297690602279], [0.7204634069519761, -0.21575319673774535, 0.1321652373335008, 0.5780227962014078, -0.2877586392320508], [-0.21470952078846983, 0.2977019405170058, 0.36547407788514247, -0.12602275188124282, -0.8460616648315175], [0.32855091564507927, 0.2875244635369413, -0.8091333163830122, -0.2628398517880257, -0.2925789933123223]], "dtype": "float64", "shape": [5, 5], "Corder": false}, {"__ndarray__": [[226.0, 0.0, 0.0, 0.0, 0.0], [0.0, 128.36283185840708, 0.0, 0.0, 0.0], [0.0, 0.0, 89.28114443295416, 0.0, 0.0], [0.0, 0.0, 0.0, 91.50152236678422, 0.0], [0.0, 0.0, 0.0, 0.0, 2.443429656566626]], "dtype": "float64", "shape": [5, 5], "Corder": true}, {"__ndarray__": [[1.0, 0.0, 0.0, 0.0, 0.0], [-0.05309734513274336, 1.0, 0.0, 0.0, 0.0], [0.017699115044247787, -0.8942433643571183, 1.0, 0.0, 0.0], [0.2743362831858407, 0.24377800758359186, -0.4157053581287744, -0.33860009592175894, 1.0], [0.30973451327433627, -0.16580489486384006, 0.2433740559047986, 1.0, 0.0]], "dtype": "float64", "shape": [5, 5], "Corder": true}, "+-"], [{"__ndarray__": [721.3772264024985, 311.1231444580338, 173.04183000206922, 79.76392394843484, 54.113872772955645, 18.580002416007588], "dtype": "float64", "shape": [6]}, {"__ndarray__": [[0.041853737360316966, 0.417759724838802, 0.03685636381937242, 0.5177547805143453, 0.7219744460309887, 0.1817954123469162], [0.5260940480482805, 0.19969008377409492, -0.5522146643417485, -0.4990826307574872, 0.1588104673574826, 0.32265097345317595], [0.34153233413040884, 0.19530489921042943, 0.4612732477477235, 0.1899266501492761, -0.4504989272495079, 0.6272298112416397], [0.5213782280883503, -0.15292204334770249, 0.6112734062848366, -0.30790030087806913, 0.3362629001193311, -0.3510684853775397], [-0.5146417201042969, -0.20596826733510132, 0.26942598950017543, -0.47100516480098203, 0.3389958951237411, 0.5323218263240492], [0.26103184714536987, -0.8256201309310757, -0.18623110050417457, 0.3607297075980812, 0.15030600911333397, 0.2506270796678972]], "dtype": "float64", "shape": [6, 6], "Corder": false}, {"__ndarray__": [[106.0, 0.0, 0.0, 0.0, 0.0, 0.0], [0.0, 282.10377358490564, 0.0, 0.0, 0.0, 0.0], [0.0, 0.0, 120.69671939270309, 0.0, 0.0, 0.0], [0.0, 0.0, 0.0, 112.26992176092506, 0.0, 0.0], [0.0, 0.0, 0.0, 0.0, 60.84244981455362, 0.0], [0.0, 0.0, 0.0, 0.0, 0.0, 126.33578998345818]], "dtype": "float64", "shape": [6, 6], "Corder": true}, {"__ndarray__": [[1.0, 0.0, 0.0, 0.0, 0.0, 0.0], [0.2358490566037736, 1.0, 0.0, 0.0, 0.0, 0.0], [0.29245283018867924, 0.2931144032371334, 1.0, 0.0, 0.0, 0.0], [-0.009433962264150943, 0.5077416981573756, 0.9056415365868388, 1.0, 0.0, 0.0], [-0.4245283018867924, -0.7032404775440592, -0.46140107735965424, 0.08675101984697432, 1.0, 0.0], [-0.7452830188679245, 0.25746580610641073, 0.04817252827085492, 0.5977624432110636, -0.7658984355631978, 1.0]], "dtype": "float64", "shape": [6, 6], "Corder": true}, "+-"], [{"__ndarray__": [567.6658375338542, 443.85172406733983, 193.73252251608565, 144.76901003814731, 23.67902573943371, 0.3018801051388371], "dtype": "float64", "shape": [6]}, {"__ndarray__": [[0.21593734995968344, 0.5057807825654808, 0.6486171767671656, 0.435743280787977, 0.2902056590516285, 0.052546052039821184], [-0.15816648843832026, -0.5547030904900317, 0.6198542654203991, 0.02887905621324821, -0.2604695627570107, -0.4630228287735283], [0.5102924275844185, -0.4737128724415942, 0.24084365150490947, -0.2869844511790541, 0.2362496757383145, 0.5648168763926196], [-0.27519030301547864, 0.4062765460100431, 0.34850122418910023, -0.7834512049993558, -0.1229056502216686, 0.0941008637353719], [-0.62712737315584, -0.20928182648030813, 0.022642244584702372, 0.014005467172933442, 0.7458857516842176, 0.07653754652212509], [0.4460242326851601, 0.05680564354540531, -0.12290243557951379, -0.3360681097875021, 0.4697563406950268, -0.6701624430004292]], "dtype": "float64", "shape": [6, 6], "Corder": false}, {"__ndarray__": [[251.0, 0.0, 0.0, 0.0, 0.0, 0.0], [0.0, 209.64541832669323, 0.0, 0.0, 0.0, 0.0], [0.0, 0.0, 230.53672488170122, 0.0, 0.0, 0.0], [0.0, 0.0, 0.0, 171.6890422636151, 0.0, 0.0], [0.0, 0.0, 0.0, 0.0, 36.33754196092982, 0.0], [0.0, 0.0, 0.0, 0.0, 0.0, 0.6674362488170191]], "dtype": "float64", "shape": [6, 6], "Corder": true}, {"__ndarray__": [[1.0, 0.0, 0.0, 0.0, 0.0, 0.0], [-0.26294820717131473, 1.0, 0.0, 0.0, 0.0, 0.0], [-0.11952191235059761, 0.42505843674578586, 1.0, 0.0, 0.0, 0.0], [0.20318725099601592, -0.10775165808327472, -0.4394200743825381, 1.0, 0.0, 0.0], [-0.4581673306772908, 0.36137663670397746, -0.7762227628174359, 0.063467203631748, 1.0, 0.0], [0.13545816733067728, -0.3055624180460272, 0.6909653416478493, 0.14669299724532298, 0.10390621924042096, 1.0]], "dtype": "float64", "shape": [6, 6], "Corder": true}, "+-"], [{"__ndarray__": [183.6933119762388, 106.06936793615867, 0.23732008760247603], "dtype": "float64", "shape": [3]}, {"__ndarray__": [[0.3597155473647414, 0.8803650157115449, 0.30913130558921936], [0.684559134501749, -0.47413344322540296, 0.5536932990252276], [-0.6340217002235023, -0.012446570870502572, 0.7732150842548693]], "dtype": "float64", "shape": [3, 3], "Corder": false}, {"__ndarray__": [[106.0, 0.0, 0.0], [0.0, 109.99056603773585, 0.0], [0.0, 0.0, 0.3966034822883491]], "dtype": "float64", "shape": [3, 3], "Corder": true}, {"__ndarray__": [[1.0, 0.0, 0.0], [0.009433962264150943, 1.0, 0.0], [-0.40566037735849053, -0.7145552791834635, 1.0]], "dtype": "float64", "shape": [3, 3], "Corder": true}, "+-"], [{"__ndarray__": [767.9310844898005, 405.69609736284855, 237.38759247252895, 169.91139144722376, 37.70653421888845, 11.223757308979252, 0.14354269973071104], "dtype": "float64", "shape": [7]}, {"__ndarray__": [[0.33446523983193205, 0.1773430659339744, 0.05682104653003328, 0.22575802844472537, 0.656383708869154, 0.4852855162574584, 0.36897901839426306], [0.5852651117405887, 0.19028838046051424, 0.16788515130143913, -0.22314473143545266, 0.12490729283643448, -0.7013979744557, 0.18898448526743647], [-0.22745792873693899, 0.11357838687447255, -0.8604070546076547, -0.19104722916678513, 0.210634254256037, -0.1916437077045992, 0.278333249055884], [0.06864448898575155, -0.31187186618923696, -0.007602459110951648, 0.3556797301601424, -0.46991305103670117, -0.026178426058911942, 0.741589117945145], [0.3927410833572543, -0.624667803963022, -0.3305319748490673, 0.39155566619189464, 0.16891777703532548, -0.11975218332363041, -0.3874319930019325], [-0.5404452309344808, -0.4193215140204318, 0.3445023820539306, 0.01591618884226591, 0.5094686486562732, -0.3480677588157115, 0.1801214458110187], [0.2069347020525496, -0.506098074401707, 0.017163041750031333, -0.7633239563985994, -0.016793182087460008, 0.31564929638558775, 0.1347896379023368]], "dtype": "float64", "shape": [7, 7], "Corder": false}, {"__ndarray__": [[127.0, 0.0, 0.0, 0.0, 0.0, 0.0, 0.0], [0.0, 104.91338582677164, 0.0, 0.0, 0.0, 0.0, 0.0], [0.0, 0.0, 182.2240318222756, 0.0, 0.0, 0.0, 0.0], [0.0, 0.0, 0.0, 289.1370211861597, 0.0, 0.0, 0.0], [0.0, 0.0, 0.0, 0.0, 91.54644293102041, 0.0, 0.0], [0.0, 0.0, 0.0, 0.0, 0.0, 45.59130907999542, 0.0], [0.0, 0.0, 0.0, 0.0, 0.0, 0.0, 0.2605385962679637]], "dtype": "float64", "shape": [7, 7], "Corder": true}, {"__ndarray__": [[1.0, 0.0, 0.0, 0.0, 0.0, 0.0, 0.0], [1.236220472440945, 1.0, 0.0, 0.0, 0.0, 0.0, 0.0], [-0.5118110236220472, -0.3588261783248273, 1.0, 0.0, 0.0, 0.0, 0.0], [-0.023622047244094488, -0.05043530471329931, -0.23835552006154975, 0.4272129940031233, -0.2690829921444389, -0.24108313731422254, 1.0], [0.5511811023622047, 0.14740318222755927, 0.0020626428930049126, 1.0, 0.0, 0.0, 0.0], [-1.204724409448819, -0.6468027619333533, -0.5139629968125411, 0.05369915248832718, 0.36543342218196784, 1.0, 0.0], [-0.08661417322834646, 0.9016811768237767, -0.05863952061675, 0.4501012119326923, 1.0, 0.0, 0.0]], "dtype": "float64", "shape": [7, 7], "Corder": true}, "+-"], [{"__ndarray__": [241.70765170653812, 225.5504105552312, 90.85106990265224, 42.25925141648668, 1.6316164190916402], "dtype": "float64", "shape": [5]}, {"__ndarray__": [[0.2555130579760497, 0.4459864843888041, 0.13226594121993573, 0.7620840460806326, 0.37086757805019793], [-0.13952004337520846, -0.2631873430563292, 0.9538248695143943, 0.018922113524600492, 0.03356563521133643], [0.47615203920914956, 0.6423878965563931, 0.26104325606082673, -0.5310045257891027, -0.10250677036895231], [-0.5864228175475608, 0.2981432804822257, -0.02156385550254012, -0.30834443540378004, 0.6867878658321408], [0.5870560018574513, -0.47987170458218775, -0.06415027427907373, -0.20451836855438865, 0.6157478193695047]], "dtype": "float64", "shape": [5, 5], "Corder": false}, {"__ndarray__": [[87.0, 0.0, 0.0, 0.0, 0.0], [0.0, 96.91954022988506, 0.0, 0.0, 0.0], [0.0, 0.0, 91.22201138519925, 0.0, 0.0], [0.0, 0.0, 0.0, 104.7178100428506, 0.0], [0.0, 0.0, 0.0, 0.0, 4.239875857235828]], "dtype": "float64", "shape": [5, 5], "Corder": true}, {"__ndarray__": [[1.0, 0.0, 0.0, 0.0, 0.0], [-0.26436781609195403, 1.0, 0.0, 0.0, 0.0], [0.9195402298850575, -0.11195445920303604, 1.0, 0.0, 0.0], [-0.1839080459770115, -0.04364326375711575, -0.04122810666888547, 1.0, 0.0], [-0.21839080459770116, -0.020872865275142316, 0.20000416025294335, -1.0965693881296825, 1.0]], "dtype": "float64", "shape": [5, 5], "Corder": true}, "+-"], [{"__ndarray__": [782.4745610731073, 759.3018835981215, 405.387382067645, 244.66910987271095, 224.22289700973795, 141.02155529634183, 74.5386107422886, 36.43669241148805, 21.947307928559077], "dtype": "float64", "shape": [9]}, {"__ndarray__": [[0.25708712217874674, 0.1486990650924441, 0.5062253519120131, 0.04442681176702347, 0.326901313893645, 0.41607409139000673, 0.6091861143370554, 0.04852989596245196, 0.01058110928221815], [0.03442438847861151, -0.5251543239568536, -0.07456504506299005, -0.2965892699335292, 0.7029252229194372, -0.260194333647176, -0.01177981818838636, 0.06488763043334445, 0.25169153252364324], [0.4116402561853794, -0.45950416847268644, -0.32843649282489523, -0.15317335167678597, -0.20461203180868837, 0.09248625743674932, 0.2863284754557922, -0.08672813383665949, -0.5900424194324334], [-0.06955969627133742, 0.5242502428393033, -0.44508475500091277, -0.6361616945227061, 0.03632480628480217, -0.03189743113040633, 0.3090584418740273, 0.12112840182804109, 0.07067420277572531], [0.0895445818888705, 0.16649450559054232, 0.5177243932617712, -0.5142910748004221, 0.08815688396861449, -0.10755281057355083, -0.4226277328233228, -0.18319447019657326, -0.4474526039141525], [0.4996478821363211, -0.08113123085676517, 0.2032536235969452, -0.16989746845242087, -0.3619506618984721, -0.15763065816082933, -0.10236806844940571, 0.6464958609064131, 0.29883223774616535], [-0.42697372567368913, -0.11548785525482501, -0.05593088116025516, -0.029011361693139226, 0.14566079588018885, 0.467658208639156, -0.18621097164574618, 0.6448363799852097, -0.33162677790039835], [-0.1630878520659568, -0.3366258817990481, 0.08787249963324517, -0.41421780019415055, -0.3287723269128977, 0.5467121624291963, -0.0715371786900045, -0.30762050117080375, 0.4171978353908597], [0.540244826957073, 0.2348659193852793, -0.33467081683388356, 0.12695976371956116, 0.29623952910742873, 0.4422631401941923, -0.47155793042457317, -0.09632831314665763, 0.09924525264836874]], "dtype": "float64", "shape": [9, 9], "Corder": false}, {"__ndarray__": [[249.0, 0.0, 0.0, 0.0, 0.0, 0.0, 0.0, 0.0, 0.0], [0.0, 351.08032128514054, 0.0, 0.0, 0.0, 0.0, 0.0, 0.0, 0.0], [0.0, 0.0, 278.7134261430581, 0.0, 0.0, 0.0, 0.0, 0.0, 0.0], [0.0, 0.0, 0.0, 321.13335884002396, 0.0, 0.0, 0.0, 0.0, 0.0], [0.0, 0.0, 0.0, 0.0, 146.59799031274767, 0.0, 0.0, 0.0, 0.0], [0.0, 0.0, 0.0, 0.0, 0.0, 78.68739663824948, 0.0, 0.0, 0.0], [0.0, 0.0, 0.0, 0.0, 0.0, 0.0, 89.5173730444914, 0.0, 0.0], [0.0, 0.0, 0.0, 0.0, 0.0, 0.0, 0.0, 85.95928734292558, 0.0], [0.0, 0.0, 0.0, 0.0, 0.0, 0.0, 0.0, 0.0, 159.9258086784282]], "dtype": "float64", "shape": [9, 9], "Corder": true}, {"__ndarray__": [[1.0, 0.0, 0.0, 0.0, 0.0, 0.0, 0.0, 0.0, 0.0], [-0.14056224899598393, 1.0, 0.0, 0.0, 0.0, 0.0, 0.0, 0.0, 0.0], [-0.14056224899598393, 0.48729681190587865, 1.0, 0.0, 0.0, 0.0, 0.0, 0.0, 0.0], [-0.15261044176706826, -0.42537663437010265, -0.18502084704075117, 1.0, 0.0, 0.0, 0.0, 0.0, 0.0], [0.4738955823293172, -0.0296617440144591, -0.2344311676218474, 0.12296825441991795, 1.0, 0.0, 0.0, 0.0, 0.0], [0.36947791164658633, 0.04822750203045105, 0.6446799239346815, -0.05142024726838065, 0.5529215691487417, 1.0, 0.0, 0.0, 0.0], [-0.321285140562249, 0.09329779567370938, -0.4241144691682679, -0.09698856235619321, -0.2523775691814467, -0.6095093086960202, 1.0, 0.0, 0.0], [-0.21285140562248994, 0.22658689758519315, 0.1391595736956958, -0.15904110573116656, 0.3059321215471707, -0.5678508879854446, 0.80576994339835, 1.0, 0.0], [0.37751004016064255, -0.09623766000526203, 0.5119136999371514, 0.37483299376474694, -0.2176171797130449, 0.39074071055582993, -0.3996098190677864, -0.6282492046664132, 1.0]], "dtype": "float64", "shape": [9, 9], "Corder": true}, "+-"], [{"__ndarray__": [915.5152038627175, 651.302632774675, 514.6545956614939, 382.3889842780701, 217.4423626443409, 72.5099816182993, 65.73154989030314, 13.898448119662715, 1.5562411504374898], "dtype": "float64", "shape": [9]}, {"__ndarray__": [[0.5979379857265004, 0.0665950648024165, 0.23563817496556005, 0.014914969526631029, 0.19687816866172628, 0.08259495188075724, 0.22234181889170324, 0.5830254515869445, 0.38386189672095083], [0.008913340257853508, -0.32225104011509703, 0.6337340953672306, 0.3745473122483447, -0.020216388304391555, -0.5251998759834129, 0.0017715509265363583, -0.24526115425491657, 0.13330582319838646], [-0.07244002170569956, -0.41055481824324896, 0.09772576148142843, 0.15920113766715943, 0.512019209303795, 0.14926888636166682, -0.17379289200418033, 0.3439722793894662, -0.5986118010443752], [-0.13930104123943093, 0.2888322340127645, 0.4870292735934568, -0.08805438804005825, -0.5097112140851595, 0.12505965571162303, 0.3005994250824405, 0.2622191826411386, -0.4665358706026463], [-0.6546500491508914, -0.2267721895721787, 0.10504157299184842, -0.35976493732126613, 0.2306243415553135, -0.01587720083434803, 0.40195195791737, 0.20447796751754868, 0.35032393138797746], [0.1050085836341391, -0.09548618054940328, 0.44649692824413706, -0.20268975676281487, 0.13351167050220006, 0.6954486574127223, -0.10787546531072434, -0.4583564055829299, 0.127322544927694], [-0.40206029422915535, 0.2812743912629343, 0.14612550071802025, 0.37597879524425426, -0.07879541551740121, 0.19506133482854104, -0.5876283985414492, 0.3250842392203982, 0.3182373029314325], [-0.01827122847674348, 0.6323545943955429, 0.2313475257028407, -0.3162727635749569, 0.528286595103731, -0.33245910820829516, -0.15221154540161005, -0.12302592619089221, -0.13536680635595733], [0.12711637691451802, -0.31655835706610214, 0.1041169077379528, -0.6438096100625778, -0.2873198474472613, -0.21666366259532577, -0.5369534539349069, 0.20033842726339593, 0.0187284342260251]], "dtype": "float64", "shape": [9, 9], "Corder": false}, {"__ndarray__": [[376.0, 0.0, 0.0, 0.0, 0.0, 0.0, 0.0, 0.0, 0.0], [0.0, 338.1063829787234, 0.0, 0.0, 0.0, 0.0, 0.0, 0.0, 0.0], [0.0, 0.0, 137.01330942042665, 0.0, 0.0, 0.0, 0.0, 0.0, 0.0], [0.0, 0.0, 0.0, 95.1586264687774, 0.0, 0.0, 0.0, 0.0, 0.0], [0.0, 0.0, 0.0, 0.0, 83.61359531192015, 0.0, 0.0, 0.0, 0.0], [0.0, 0.0, 0.0, 0.0, 0.0, 51.74983431678866, 0.0, 0.0, 0.0], [0.0, 0.0, 0.0, 0.0, 0.0, 0.0, 231.5665547927411, 0.0, 0.0], [0.0, 0.0, 0.0, 0.0, 0.0, 0.0, 0.0, 15.526577146412134, 0.0], [0.0, 0.0, 0.0, 0.0, 0.0, 0.0, 0.0, 0.0, 102.00914238141277]], "dtype": "float64", "shape": [9, 9], "Corder": true}, {"__ndarray__": [[1.0, 0.0, 0.0, 0.0, 0.0, 0.0, 0.0, 0.0, 0.0], [0.1702127659574468, 1.0, 0.0, 0.0, 0.0, 0.0, 0.0, 0.0, 0.0], [-0.05851063829787234, 0.39852746837832737, 1.0, 0.0, 0.0, 0.0, 0.0, 0.0, 0.0], [-0.05319148936170213, 0.24963815996475994, -1.0276930580998251, 1.0, 0.0, 0.0, 0.0, 0.0, 0.0], [-0.9042553191489362, 0.24214964445283496, 0.4122081764000334, 0.8566589426316897, 1.0, 0.0, 0.0, 0.0, 0.0], [0.2952127659574468, 0.2753759989931408, 0.14151347657178448, 0.8153493686204668, 0.100082000162067, 1.0, 0.0, 0.0, 0.0], [-0.5212765957446809, 0.19035932288716884, -0.39498346215240726, 0.4822541991526138, -0.8709583694440441, -0.4701866913727358, 0.4392443471187858, 1.0, 0.0], [0.1622340425531915, -0.30281291296960544, -0.5446800903053974, 0.8103129602134007, 0.4862670269765101, -0.17763538203124543, 1.0, 0.0, 0.0], [0.11968085106382978, 0.03058334906550878, 0.09861841284888452, 0.059883976023833385, 0.774229791213282, 1.156150829877249, -0.37690306983144173, -1.2283173047205245, 1.0]], "dtype": "float64", "shape": [9, 9], "Corder": true}, "+-"], [{"__ndarray__": [1125.6742652969715, 850.3987178546307, 367.3344566021286, 308.18488932007176, 211.9839850559944, 84.82063862821, 42.99514604557297, 12.010406574998841, 0.5974946214204708], "dtype": "float64", "shape": [9]}, {"__ndarray__": [[0.24321120520353204, 0.4229622279490844, 0.1512903729445596, 0.2483636326154727, 0.19319999126762535, 0.5997290304965553, 0.103259688591544, 0.39961681794256365, 0.33169365583837107], [-0.038330167194006504, 0.07078712882878058, -0.2762800820798823, -0.5031120543492292, 0.6517523839045222, 0.006024808895894795, -0.3996709492584485, -0.07968933182967075, 0.2704862882909604], [-0.05947100772588039, -0.23813629998397728, 0.457916458422861, -0.6041378447401562, -0.21742802259681385, 0.26381013901031286, -0.16929298556015465, 0.41839524758949337, -0.21094750747009985], [0.3987319383981124, -0.34439242199861814, -0.38328918104219056, -0.13912536907532277, -0.3311293897016794, 0.5341137693607932, -0.03240741866798448, -0.3811039286141017, 0.1221703720713284], [0.5939153541727413, -0.3197151731536126, -0.16463104509724594, -0.05073619308757495, 0.04325562989306504, -0.44266043441212505, 0.1756441856122938, 0.4904033136946851, 0.21495026890162652], [-0.4073592357855261, -0.0799689083690409, 0.09180474769467448, -0.12784281064904984, -0.3245431543931195, -0.10727652438679731, 0.14686915348979676, -0.019205066683170204, 0.8149329028818895], [0.21177372607876027, 0.44268191828477393, 0.07883888623082703, -0.5114134817004045, -0.007812003626185851, -0.09107115302864809, 0.6358088611851266, -0.27029909352562265, -0.07586698018545852], [-0.4017141189763333, -0.4337874788328512, -0.24854761256980598, 0.015306094158958576, 0.3617119998347343, 0.2638510930837166, 0.5812113021030806, 0.17898548304260734, -0.13471691286577692], [0.2279381695626324, -0.384740721267666, 0.6638218749757643, 0.14198377262179773, 0.37798818620217983, 0.00690046941251822, 0.07354793978171335, -0.4095113842491119, 0.1522114851393632]], "dtype": "float64", "shape": [9, 9], "Corder": false}, {"__ndarray__": [[287.0, 0.0, 0.0, 0.0, 0.0, 0.0, 0.0, 0.0, 0.0], [0.0, 208.3170731707317, 0.0, 0.0, 0.0, 0.0, 0.0, 0.0, 0.0], [0.0, 0.0, 213.2779032231087, 0.0, 0.0, 0.0, 0.0, 0.0, 0.0], [0.0, 0.0, 0.0, 380.83451428981925, 0.0, 0.0, 0.0, 0.0, 0.0], [0.0, 0.0, 0.0, 0.0, 173.44386154564995, 0.0, 0.0, 0.0, 0.0], [0.0, 0.0, 0.0, 0.0, 0.0, 6.564264664151906, 0.0, 0.0, 0.0], [0.0, 0.0, 0.0, 0.0, 0.0, 0.0, 90.36379641541266, 0.0, 0.0], [0.0, 0.0, 0.0, 0.0, 0.0, 0.0, 0.0, 66.2140242911624, 0.0], [0.0, 0.0, 0.0, 0.0, 0.0, 0.0, 0.0, 0.0, 18.17379716692318]], "dtype": "float64", "shape": [9, 9], "Corder": true}, {"__ndarray__": [[1.0, 0.0, 0.0, 0.0, 0.0, 0.0, 0.0, 0.0, 0.0], [-0.04878048780487805, 1.0, 0.0, 0.0, 0.0, 0.0, 0.0, 0.0, 0.0], [-0.4076655052264808, 0.011005737033134292, 1.0, 0.0, 0.0, 0.0, 0.0, 0.0, 0.0], [-0.12195121951219512, -0.11380400421496312, 0.07498490735728885, 1.0, 0.0, 0.0, 0.0, 0.0, 0.0], [0.059233449477351915, -0.08242594543964407, 0.014625472679297378, 0.9449909593844411, 1.0, 0.0, 0.0, 0.0, 0.0], [-0.5679442508710801, -0.15337782461070135, 0.13082541110100146, -0.4584838309921945, -0.4634646972505636, 1.0, 0.0, 0.0, 0.0], [0.6236933797909407, 0.4115443156539047, 0.32365558628545005, -0.0015498126909207813, 0.15573862493494858, 2.898897338743347, 1.0, 0.0, 0.0], [-0.8606271777003485, 0.20138157124458494, -0.21171946647409984, -0.14694514960164623, -0.376880873330752, -0.44080998960547246, -0.9529928764128153, 1.0, 0.0], [-0.04878048780487805, -0.34410490574874136, 0.5770949756596336, 0.1888106599343115, 0.8139259027564845, -3.603283988239567, -0.5080633785893318, 0.7103840111729813, 1.0]], "dtype": "float64", "shape": [9, 9], "Corder": true}, "+-"], [{"__ndarray__": [792.3223904147058, 501.6611096061037, 258.07044344322634, 185.23159500506867, 158.90444809105279, 70.65845027084772, 0.1515631689950759], "dtype": "float64", "shape": [7]}, {"__ndarray__": [[0.4517200546035635, 0.5989303220997271, 0.09927306288432228, 0.1991212373843936, 0.29584602024559375, 0.4539590383472619, 0.3067953343097259], [0.4155004194697822, -0.15567279984077365, -0.022547661878358848, -0.07325046760518386, -0.05312079170513989, 0.4014286604635959, -0.7957917848260512], [-0.3391209145078104, 0.02327802109487015, 0.7173397598794474, 0.4882701806410206, 0.2323880230103848, -0.02865112184436765, -0.27685006528545086], [0.5231133205676709, -0.3684047282832341, 0.17297435313020093, -0.1261116442181442, 0.5777014674316636, -0.4513651115058915, 0.08565446291689888], [-0.4231087604029664, 0.2793059036485349, -0.03715499100598457, -0.6215124694522958, 0.5511735774542268, 0.10871314271900442, -0.1992437856809123], [-0.18276635406850059, -0.6343224011785692, -0.012433585544597605, 0.04128766385377012, 0.22117344613742396, 0.6355129067077496, 0.3310255852334192], [0.14910831488623352, -0.020195101431895107, 0.6660367231455927, -0.5591875936001423, -0.4113394332204184, 0.1119360058318531, 0.19832646866069606]], "dtype": "float64", "shape": [7, 7], "Corder": false}, {"__ndarray__": [[380.0, 0.0, 0.0, 0.0, 0.0, 0.0, 0.0], [0.0, 130.7342105263158, 0.0, 0.0, 0.0, 0.0, 0.0], [0.0, 0.0, 176.44523843072525, 0.0, 0.0, 0.0, 0.0], [0.0, 0.0, 0.0, 138.97673354192855, 0.0, 0.0, 0.0], [0.0, 0.0, 0.0, 0.0, 131.818939613428, 0.0, 0.0], [0.0, 0.0, 0.0, 0.0, 0.0, 146.9596823997829, 0.0], [0.0, 0.0, 0.0, 0.0, 0.0, 0.0, 1.3701200781487701]], "dtype": "float64", "shape": [7, 7], "Corder": true}, {"__ndarray__": [[1.0, 0.0, 0.0, 0.0, 0.0, 0.0, 0.0], [0.2868421052631579, 1.0, 0.0, 0.0, 0.0, 0.0, 0.0], [-0.17894736842105263, -0.8222387729221603, 1.0, 0.0, 0.0, 0.0, 0.0], [0.23421052631578948, 1.212162080557177, 0.2506577113800126, 1.0, 0.0, 0.0, 0.0], [-0.1631578947368421, -1.0419291853700758, -0.2782542666961606, 0.17947694046383725, 1.0, 0.0, 0.0], [-0.5894736842105263, 0.5297208075846938, 0.37891636452993704, -0.059295726737671646, 0.36179558560948366, -0.5938495958961545, 1.0], [0.07368421052631578, 0.4051611344833833, 0.3715782665989628, -0.1453346277730672, 0.39164408737151546, 1.0, 0.0]], "dtype": "float64", "shape": [7, 7], "Corder": true}, "+-"], [{"__ndarray__": [246.8199487541424, 155.29449136188325, 62.072492857188344, 3.813067026785987], "dtype": "float64", "shape": [4]}, {"__ndarray__": [[0.4118151168300659, 0.20440028512528907, 0.8851544844129974, 0.07162661317206599], [0.401810296479195, 0.30312553366036343, -0.321830693053814, 0.8019279278681614], [-0.5172518916682276, -0.5348466155869401, 0.3165452230915488, 0.5883780248265205], [-0.6335671043853051, 0.7617575284032423, 0.11280809133206979, 0.07478319792452702]], "dtype": "float64", "shape": [4, 4], "Corder": false}, {"__ndarray__": [[97.0, 0.0, 0.0, 0.0], [0.0, 51.77319587628866, 0.0, 0.0], [0.0, 0.0, 12.707885304659506, 0.0], [0.0, 0.0, 0.0, 142.15428007333244]], "dtype": "float64", "shape": [4, 4], "Corder": true}, {"__ndarray__": [[1.0, 0.0, 0.0, 0.0], [0.3402061855670103, 1.0, 0.0, 0.0], [-0.5360824742268041, -1.2228195937873356, 1.0, 0.0], [-0.35051546391752575, -0.33671843886897646, -1.5379589150566435, 1.0]], "dtype": "float64", "shape": [4, 4], "Corder": true}, "+-"], [{"__ndarray__": [558.9591928004847, 351.4934133693255, 213.77648496796164, 78.18930097880614, 39.86474131229646, 10.716866571125488], "dtype": "float64", "shape": [6]}, {"__ndarray__": [[0.799629748092232, 0.03948298791639934, 0.012520381488011531, 0.08365009760575876, 0.30421559457507613, 0.5092466326510384], [0.13495608176179097, 0.34115569631370407, -0.6168072879157848, 0.1565435514909585, 0.44330545952410194, -0.5137341749240689], [-0.30379718314146137, -0.32550279175177793, -0.6448604067476404, 0.34297509098240647, -0.08286486546997748, 0.511284422726365], [-0.1651901433239615, 0.6260728465618874, -0.24148992718324525, -0.6031531692228486, -0.11138521926352356, 0.3823966655210078], [0.23875964941170286, 0.43938435445680546, -0.03349869643715607, 0.49296140276201117, -0.7081188337308154, -0.0661046814606055], [-0.4071761778864055, 0.43712240500364946, 0.3796149599748134, 0.4940244674771674, 0.4361508980724756, 0.2544332230928951]], "dtype": "float64", "shape": [6, 6], "Corder": false}, {"__ndarray__": [[365.0, 0.0, 0.0, 0.0, 0.0, 0.0], [0.0, 132.7013698630137, 0.0, 0.0, 0.0, 0.0], [0.0, 0.0, 120.22171525311751, 0.0, 0.0, 0.0], [0.0, 0.0, 0.0, 53.990924872992004, 0.0, 0.0], [0.0, 0.0, 0.0, 0.0, 68.93913026653534, 0.0], [0.0, 0.0, 0.0, 0.0, 0.0, 64.73267780903522]], "dtype": "float64", "shape": [6, 6], "Corder": true}, {"__ndarray__": [[1.0, 0.0, 0.0, 0.0, 0.0, 0.0], [0.18356164383561643, 1.0, 0.0, 0.0, 0.0, 0.0], [-0.3780821917808219, 0.36421256916343214, 1.0, 0.0, 0.0, 0.0], [-0.18904109589041096, 0.7209100668923941, -0.706447590519004, 1.0, 0.0, 0.0], [0.29315068493150687, 0.371954744404988, -0.40360710753574713, 0.1179008715100982, 1.0, 0.0], [-0.452054794520548, 0.10766785035923693, -0.7285481737348016, -0.24759256778459518, 0.3812160684788441, 1.0]], "dtype": "float64", "shape": [6, 6], "Corder": true}, "+-"], [{"__ndarray__": [409.11006684182803, 320.7863721958414, 154.91095862466705, 50.23054564938122, 14.772874890612021, 6.189181797670438], "dtype": "float64", "shape": [6]}, {"__ndarray__": [[0.42633953556221554, 0.5042443703110681, 0.43453490179717, 0.06755990259184623, 0.5177241563283975, 0.32023271547757576], [0.015744803195433144, 0.4166693861121083, 0.46825621379800736, -0.30803793558852705, -0.7081377350972274, -0.10260809158433037], [0.43085682246786255, 0.29321619299284823, -0.6815334531388558, -0.027836412895069405, -0.31509715287618395, 0.4047687405405252], [0.46691928560029, 0.14598169824042603, -0.1943533465153677, -0.1793223406471444, 0.16382981809837188, -0.8148041421460237], [-0.17812062619222532, -0.029688710036720876, -0.11137040355995169, -0.9195045116769847, 0.27916480193866827, 0.17767026368065245], [0.6185535735740543, -0.6811434695631535, 0.27794082017846367, -0.1487560925400145, -0.16261375832056527, 0.16616961667479022]], "dtype": "float64", "shape": [6, 6], "Corder": false}, {"__ndarray__": [[190.0, 0.0, 0.0, 0.0, 0.0, 0.0], [0.0, 54.5, 0.0, 0.0, 0.0, 0.0], [0.0, 0.0, 116.79381941091259, 0.0, 0.0, 0.0], [0.0, 0.0, 0.0, 211.07707954357534, 0.0, 0.0], [0.0, 0.0, 0.0, 0.0, 40.44143240379789, 0.0], [0.0, 0.0, 0.0, 0.0, 0.0, 9.044130132185433]], "dtype": "float64", "shape": [6, 6], "Corder": true}, {"__ndarray__": [[1.0, 0.0, 0.0, 0.0, 0.0, 0.0], [0.5, 1.0, 0.0, 0.0, 0.0, 0.0], [0.39473684210526316, -0.761467889908257, 1.0, 0.0, 0.0, 0.0], [0.4789473684210526, -0.6513761467889909, 0.4370679675872334, 0.20615620811651295, 0.15455321141159217, 1.0], [-0.23157894736842105, 0.3669724770642202, 0.0907392095253845, -0.017950096644181505, 1.0, 0.0], [0.07894736842105263, -1.2935779816513762, -0.36478419050768984, 1.0, 0.0, 0.0]], "dtype": "float64", "shape": [6, 6], "Corder": true}, "+-"], [{"__ndarray__": [424.65936429843885, 395.23347816721997, 258.30887087381234, 73.89421837886745, 47.528440658711936, 0.3756276229495112], "dtype": "float64", "shape": [6]}, {"__ndarray__": [[0.28288138963077636, 0.5403309075343624, 0.023599861334774486, 0.6565924390293563, 0.10821277246242464, 0.4296976159977031], [-0.020677385883349497, 0.12300086336701288, 0.6483658493043374, 0.21739420330190568, -0.6274717275067794, -0.35083322295679753], [-0.08173571081255657, -0.03356823113292935, -0.7155718312715014, 0.4185927057113232, -0.3681282019931398, -0.41159588840256267], [-0.5255274647563756, 0.5046924943631753, -0.1816192216923787, -0.3609722755310611, -0.4062596838561593, 0.37519716657124247], [0.7966881705644484, 0.10435775152029786, -0.18428744062798366, -0.41047842063196743, -0.3819502226448716, 0.07782706100134217], [0.04448237135053813, 0.652825717679514, -0.008621126970261529, -0.21820347980474056, 0.384860949756634, -0.6132168196474613]], "dtype": "float64", "shape": [6, 6], "Corder": false}, {"__ndarray__": [[182.0, 0.0, 0.0, 0.0, 0.0, 0.0], [0.0, 130.26923076923077, 0.0, 0.0, 0.0, 0.0], [0.0, 0.0, 74.42127462145179, 0.0, 0.0, 0.0], [0.0, 0.0, 0.0, 217.47076886107547, 0.0, 0.0], [0.0, 0.0, 0.0, 0.0, 149.93776609963928, 0.0], [0.0, 0.0, 0.0, 0.0, 0.0, 0.9941067705091277]], "dtype": "float64", "shape": [6, 6], "Corder": true}, {"__ndarray__": [[1.0, 0.0, 0.0, 0.0, 0.0, 0.0], [0.19230769230769232, 1.0, 0.0, 0.0, 0.0, 0.0], [-0.016483516483516484, -0.7862415116622379, 1.0, 0.0, 0.0, 0.0], [0.13186813186813187, 0.0029524653085326227, 0.5602968397022534, 1.0, 0.0, 0.0], [0.521978021978022, -0.35518157661647476, -0.48121798584717984, -0.5624895469884215, 1.0, 0.0], [0.7472527472527473, -0.08562149394744613, -0.3833293472088249, 0.5383846990135192, 0.12791411353028212, 1.0]], "dtype": "float64", "shape": [6, 6], "Corder": true}, "+-"], [{"__ndarray__": [220.3244963955711, 88.64601185769622, 0.029491746732578573], "dtype": "float64", "shape": [3]}, {"__ndarray__": [[0.390255582464995, 0.28935835637146395, 0.8740551023550588], [0.9198281588406877, -0.08107320543096175, -0.38385321877626544], [0.04020868760178417, -0.9537813569991572, 0.29779923519409546]], "dtype": "float64", "shape": [3, 3], "Corder": false}, {"__ndarray__": [[187.0, 0.0, 0.0], [0.0, 79.79679144385027, 0.0], [0.0, 0.0, 0.03860072376357185]], "dtype": "float64", "shape": [3, 3], "Corder": true}, {"__ndarray__": [[0.4117647058823529, -0.3405709690390028, 1.0], [1.0, 0.0, 0.0], [0.08021390374331551, 1.0, 0.0]], "dtype": "float64", "shape": [3, 3], "Corder": true}, "+-"], [{"__ndarray__": [234.5801004674706, 105.99607308918151, 7.416798834874767, 0.00702760847307], "dtype": "float64", "shape": [4]}, {"__ndarray__": [[0.6791735045548755, 0.08589426595672273, 0.03269899689268005, 0.7282007287751208], [-0.6107211268340749, 0.017316127595083088, 0.5773659489492519, 0.5416349489809148], [0.09692103180108394, 0.9328503483200239, 0.2741150785441441, -0.21273801951828364], [0.39541038117856725, -0.3494460679991652, 0.7684011063961843, -0.36207432345481616]], "dtype": "float64", "shape": [4, 4], "Corder": false}, {"__ndarray__": [[109.0, 0.0, 0.0, 0.0], [0.0, 3.678899082568808, 0.0, 0.0], [0.0, 0.0, 60.55361596009976, 0.0], [0.0, 0.0, 0.0, 0.053372868791695637]], "dtype": "float64", "shape": [4, 4], "Corder": true}, {"__ndarray__": [[1.0, 0.0, 0.0, 0.0], [-0.8899082568807339, 1.0, 0.0, 0.0], [0.22018348623853212, 2.8154613466334157, 1.0, 0.0], [0.5504587155963303, -0.1645885286783043, -0.586360266864344, 1.0]], "dtype": "float64", "shape": [4, 4], "Corder": true}, "+-"], [{"__ndarray__": [251.9667633337277, 218.78812387032698, 46.45246821142327, 24.79264458452207], "dtype": "float64", "shape": [4]}, {"__ndarray__": [[0.8495785032093325, 0.11945699012306604, 0.2603797603125026, 0.44288686457709686], [-0.35049152956198004, -0.06714633094062178, 0.9223250177057795, 0.14820128090050633], [0.003229536694695971, 0.9357835967794573, 0.1224754378859658, -0.33060308105926767], [0.39415938994603666, -0.32485451782367514, 0.2579122122899165, -0.8201153628110118]], "dtype": "float64", "shape": [4, 4], "Corder": false}, {"__ndarray__": [[193.0, 0.0, 0.0, 0.0], [0.0, 50.777202072538856, 0.0, 0.0], [0.0, 0.0, 192.14816326530612, 0.0], [0.0, 0.0, 0.0, 33.71602271206532]], "dtype": "float64", "shape": [4, 4], "Corder": true}, {"__ndarray__": [[1.0, 0.0, 0.0, 0.0], [-0.3316062176165803, 1.0, 0.0, 0.0], [0.11917098445595856, -0.04673469387755101, 1.0, 0.0], [0.3626943005181347, 0.02387755102040818, -0.34496976185469114, 1.0]], "dtype": "float64", "shape": [4, 4], "Corder": true}, "+-"], [{"__ndarray__": [528.0763561645069, 396.9085352063294, 235.9193871650878, 127.31906136629063, 65.50449930219354, 33.27216079559158], "dtype": "float64", "shape": [6]}, {"__ndarray__": [[0.7407234148150896, 0.21017534836911514, 0.00750315197970833, 0.19945856156449676, 0.5113155761504066, 0.32537902851530365], [-0.41058836844002267, 0.6746393004163059, 0.15110771809993276, -0.11178909510810536, -0.01260242415747892, 0.5837720793995328], [-0.2250997788727456, -0.604201948651436, 0.5366789742425524, -0.11488185824817734, 0.36518536920217304, 0.3868947895349954], [-0.20117155703771314, 0.15054454933229516, -0.24125275431673107, -0.5571413542265764, 0.6701218797642299, -0.34524430409752005], [0.4146545668712745, 0.14082819433968588, 0.5150279614357529, -0.6457302512730267, -0.3282367471351458, -0.13516023532150126], [-0.14024157304341464, 0.30517519699819157, 0.6046727596980748, 0.45513469773291065, 0.21962356591085397, -0.5159352190175726]], 